0 0 2836364014396322934
0 1 5704475686216552531
0 2 16386537040802000381
0 3 7943893405827005265
0 4 12750043984338556306
0 5 18326086567059281556
0 6 17054802680248770815
0 7 5829807757213296369
0 8 9830926684397961820
0 9 5706019523201097935
0 10 5682697217650536243
0 11 799092660375759274
0 12 4836075522053961888
0 13 6905032657089682623
0 14 15299259869201055840
0 15 16827379861814317129
0 16 16619548815361722570
0 17 10957649622863440097
0 18 16085934862191009073
0 19 7745278932258141062
0 20 10929454635654696101
0 21 14721382239317178589
0 22 12816124264394583165
0 23 8763544882985291714
0 24 13315497896483335213
0 25 16412884904185580600
0 26 5364822092909337072
0 27 14979687180956255813
0 28 14770151531980161147
0 29 9157517748286254661
0 30 12430106596511912964
0 31 10920566323173950274
0 32 1697665866593374967
0 33 17382066645722432595
0 34 10098088458180202785
0 35 14720910445384109445
0 36 9323110752809734311
0 37 3527844859794561665
0 38 12790226478180832037
0 39 10419691459296181535
0 40 3618838385828231807
0 41 2314307493193171046
0 42 729503208559675789
0 43 2977626429865904759
0 44 14278357858123971214
0 45 15610427976578351765
0 46 18150072378727627500
0 47 18436670952563622488
0 48 7616217976416050152
0 49 17821547367238467785
0 50 2403539817995348622
0 51 1540587973127462067
0 52 6006584455815648421
0 53 17605218926413872832
0 54 281508399368387360
0 55 9301537816425774155
0 56 18229016507008337571
0 57 10040600841631313855
0 58 13367282200066657191
0 59 875056866561982387
0 60 14972771181127931442
0 61 15206424606167840644
0 62 15340172342551123343
0 63 1598336783017211310
1 0 6119667549733853533
1 1 17097824963312595085
1 2 7669491709641822230
1 3 8392010580030380139
1 4 12988402860802894469
1 5 11021245205357759498
1 6 15025109477112239344
1 7 141393345203310416
1 8 363224137090150283
1 9 16812030740844701038
1 10 4200562546962636808
1 11 3967287525034788758
1 12 4171177537332259484
1 13 9999297886722635726
1 14 16717238261735288532
1 15 3540424387491366684
1 16 12509033897500065307
1 17 11772562898227016975
1 18 13169296377493193159
1 19 14428971019120058871
1 20 7707517450869325780
1 21 1381079656494776843
1 22 10046721285317564151
1 23 11107595940545898501
1 24 11241564612826632252
1 25 5819161904390795708
1 26 14128158352453869158
1 27 1210369442178416985
1 28 5314347509598300904
1 29 15245101729957043680
1 30 12535696655067489548
1 31 17581799568940605010
1 32 16869639321238894614
1 33 11434712970367154276
1 34 10236862734618534097
1 35 9421634844283585484
1 36 15167457086692071459
1 37 3469060170727658876
1 38 16327667403957936196
1 39 4686481869467442811
1 40 3206527847843623552
1 41 11092200782604012207
1 42 14739446934283243284
1 43 16128667828364388267
1 44 13206979420894161206
1 45 16449142971582102590
1 46 11442541724872496838
1 47 6571234011114130425
1 48 8958236286354585285
1 49 10571886656041153327
1 50 2795528615043581507
1 51 3548922691074363777
1 52 10178406242237877797
1 53 1335336132587376572
1 54 8190204034823478330
1 55 10766337538730823182
1 56 17788644778212351027
1 57 1700617768299718094
1 58 14414031428800381930
1 59 15056685061136467389
1 60 5836451701989094164
1 61 14251966298768164535
1 62 3520212337434515151
1 63 10056189861817889074
2 0 14243476634336114071
2 1 2044274018629870542
2 2 4076466990323970289
2 3 9366367144678110441
2 4 8717173006053528411
2 5 12664540650053485235
2 6 7458398989967569021
2 7 12367198449940292882
2 8 2049633952081208231
2 9 10258292648981007997
2 10 2743162248314210978
2 11 11758534896024622390
2 12 11477220208548956935
2 13 14778051556117748778
2 14 14904965084834927214
2 15 10066457724956533718
2 16 4473621037497685513
2 17 14810007182020916201
2 18 15712851196768277226
2 19 2623470311068832384
2 20 17214585665184201248
2 21 10637366930302162051
2 22 7671896123956953099
2 23 1945145588542888184
2 24 3551165092135810590
2 25 9237157338667239750
2 26 14909433003461196076
2 27 6870575875330266166
2 28 15142269325988385115
2 29 3267758521344488772
2 30 4532482675428337305
2 31 16971103101627703853
2 32 13775192187023137646
2 33 7424396449534008863
2 34 6655515635808306864
2 35 11121328666727903715
2 36 16297165639047852055
2 37 15926554670188803730
2 38 13693116738925067144
2 39 4825910706867497179
2 40 9643583437295530202
2 41 14940845338001209359
2 42 957544258734573652
2 43 4190315829594152206
2 44 570652371208031269
2 45 16903185319705499114
2 46 15174829044760958105
2 47 12556418477139868277
2 48 11430140721716033216
2 49 3032968960711144166
2 50 13351566589229316561
2 51 16054557953929792723
2 52 2325344965139769012
2 53 7750885408749860188
2 54 6950122644514158689
2 55 12267402092839510442
2 56 18188077967015667834
2 57 7911635827152094913
2 58 4190753730319570549
2 59 15504083841903655549
2 60 10755526686952853229
2 61 17921812628282787054
2 62 16797080143318326430
2 63 14390486739879544893
3 0 6883389549747116643
3 1 12887671577049744656
3 2 2081405215975443942
3 3 1474817599765684300
3 4 1833578456778707738
3 5 3906508874670202411
3 6 2741344667499617950
3 7 13236314118077128738
3 8 11530510619005531372
3 9 133036236605816755
3 10 6201941786794196917
3 11 2879637559756760924
3 12 16736709460856338654
3 13 3667143930498515366
3 14 7658211995527244519
3 15 17869857590115545121
3 16 11839902505298187900
3 17 14092886104913554045
3 18 17516735015887407639
3 19 14623762875703735715
3 20 18146131687775238735
3 21 8124455099465294850
3 22 1986712410099424023
3 23 13886623854916780878
3 24 16713842928337222081
3 25 11382427581063003982
3 26 12349015310954316863
3 27 2284812017722248114
3 28 16032057353919224504
3 29 13465517539242806598
3 30 14343311126568748988
3 31 17938782426689201272
3 32 13430533412612720209
3 33 11952280715491481814
3 34 8245880173644237293
3 35 5644980522099604914
3 36 2905734754499534500
3 37 3028314947555784575
3 38 9442590674765196108
3 39 285769193871523665
3 40 14283499689866154610
3 41 5588980197875752513
3 42 7226674764505269812
3 43 2147134583125904746
3 44 11560463258487470632
3 45 13564030414265142358
3 46 375516220465610944
3 47 11507550022099416639
3 48 15447730054092652768
3 49 5359773461791725946
3 50 9547137347657927022
3 51 1336103095837957967
3 52 15619852706265932488
3 53 17017812435506418429
3 54 16506654078579431646
3 55 889463759541230160
3 56 16381404244760931175
3 57 15402002789003762201
3 58 17797561046345245345
3 59 12172907976256693983
3 60 5170966085870019327
3 61 16338611171138291596
3 62 12380745475307902300
3 63 12547218608343355113
4 0 17117740360008128345
4 1 5894501738830109515
4 2 1922043183909960777
4 3 13040509470631422066
4 4 17298210059704812413
4 5 5045635550994127663
4 6 15106422224205543012
4 7 3460192348523684297
4 8 13906947056025479218
4 9 16081075020937994172
4 10 17613624725163011932
4 11 8227815506142026119
4 12 15343706073828254291
4 13 14019573803284151178
4 14 12652926598254862565
4 15 8385666076954912158
4 16 11123849722309131838
4 17 7845444662846938210
4 18 1099778786634662895
4 19 7807993570300417083
4 20 12183944349828371212
4 21 15474042244318085429
4 22 2456315838061263152
4 23 16479056165020207056
4 24 16875643767623929611
4 25 5000497657735295928
4 26 10192101106462607265
4 27 18294274740259249378
4 28 4433992422578124594
4 29 12846531144127242381
4 30 17315345239482325075
4 31 8644432570622679800
4 32 16907377345953880686
4 33 5764809247659350624
4 34 389922876507205846
4 35 17198326076671225239
4 36 8364703211284962921
4 37 9890464055679653912
4 38 12081897917547597678
4 39 14132144379857697916
4 40 12012343984526351696
4 41 5122235350949205875
4 42 13624157678730256026
4 43 8933965986425559779
4 44 16158353417609554149
4 45 3201937143972873379
4 46 13978524749783051781
4 47 8626032686011512585
4 48 22877518366461650
4 49 15801722708880127042
4 50 8495096384825653758
4 51 9887816694259020561
4 52 3585659049232249114
4 53 5863729673585879615
4 54 822914021124720817
4 55 7565050497024587647
4 56 4620587624412926000
4 57 4670754393145661285
4 58 14386298521079437992
4 59 3704541988140237919
4 60 17366380557032879584
4 61 8319926963610052487
4 62 9831858507831622724
4 63 10647349059269116717
5 0 7740091937421157619
5 1 11446831832155804692
5 2 17574921225184325752
5 3 7049936964397315183
5 4 8861246944733357007
5 5 15732648220809528083
5 6 10573977028235698148
5 7 6799905995827056522
5 8 537582201926949386
5 9 14144033284513864652
5 10 16503393871172095615
5 11 2388633900400287613
5 12 14347324901042410299
5 13 6819224853041713718
5 14 15278675219501004314
5 15 5189254801255831705
5 16 15025363605010692710
5 17 2970337099056556554
5 18 5941437627130790720
5 19 5512424291146462329
5 20 17216148520005771915
5 21 5552253400865465324
5 22 4736994477659966836
5 23 18015917311419066018
5 24 14893697396799884493
5 25 1082860538429712738
5 26 17664181750545438644
5 27 7499047353050447498
5 28 14572416289453965868
5 29 13796775562425207203
5 30 5804822594014727874
5 31 10503225219307510123
5 32 6320382119262250413
5 33 4090431388134308244
5 34 265488235902702509
5 35 5511774342104629783
5 36 12713784322324592042
5 37 3237288198825782198
5 38 970780993309606820
5 39 14083033237147061044
5 40 1644035234123374976
5 41 3311139642059364745
5 42 15860866332485037117
5 43 9520183108088353510
5 44 10704542840359852809
5 45 11888078922591791211
5 46 13445075173304121481
5 47 15656505560272173477
5 48 8096844670279020523
5 49 9051536415593870679
5 50 8643141117314636983
5 51 16385127831011361831
5 52 5325716402005423606
5 53 13675736906151306402
5 54 10826635017729286532
5 55 16106954111625637868
5 56 11871927535972757378
5 57 13999163419676112397
5 58 9888642841071746823
5 59 11155709705788600051
5 60 12582842863995346938
5 61 1983825288863070713
5 62 2099949649228801959
5 63 5808695001207680253
6 0 17721143120795435946
6 1 6366300698962660613
6 2 2461003727093944123
6 3 6509454551683827030
6 4 15364970313411522283
6 5 3598686938701505214
6 6 15803817027144364885
6 7 17829234080993234970
6 8 5551978935304898954
6 9 2781402908188158239
6 10 6810215543522058557
6 11 6048554248034780796
6 12 10309123717347661751
6 13 17597597774094963049
6 14 8590194931476839481
6 15 1857465492376217827
6 16 8771173868663973109
6 17 17680149544103245034
6 18 1195823157693659823
6 19 17464169923712866182
6 20 5550381770058747388
6 21 1079649864275217590
6 22 15753085183319381711
6 23 14781286962444401080
6 24 1856781175599569012
6 25 6037188823285446297
6 26 3434761605493348175
6 27 484877322589876217
6 28 13714325197646410714
6 29 9471299269602114672
6 30 9806489838893359774
6 31 14313390012132817379
6 32 4741101568123226587
6 33 10644873852946434755
6 34 9864178464892322247
6 35 2530103275030838426
6 36 2625684785297906961
6 37 15864663126821859899
6 38 3705608660802374921
6 39 438779020319067054
6 40 3731262115841138418
6 41 14688666804790058484
6 42 877779496691898923
6 43 15428115506195938467
6 44 2507392404059186283
6 45 17149292675052002433
6 46 1074754817482501306
6 47 12206592156847292780
6 48 1324044980646728519
6 49 587420537234866923
6 50 14369060331564174005
6 51 10347375922806700725
6 52 16834626369031050113
6 53 2237238196256264710
6 54 3133502718967330313
6 55 7979292887227280208
6 56 492659720002136851
6 57 16487204852713222505
6 58 10310651908595224186
6 59 11710019568262850293
6 60 9670515084378188563
6 61 2169377380070919632
6 62 1766278140054166607
6 63 6635806763132823674
7 0 7883328533339554765
7 1 5345090300930219277
7 2 13386339478283707535
7 3 18051194726299013605
7 4 9482426932453699700
7 5 14567407379041158735
7 6 1370486432453057574
7 7 10116219888270810389
7 8 2070154096062404580
7 9 6159306173892074001
7 10 622270232018440264
7 11 18010132080047763579
7 12 1957652589669404397
7 13 6010546241418174575
7 14 13179576872514124138
7 15 11376852492538294709
7 16 10145865874636027293
7 17 10232981037852132946
7 18 6737108593679441530
7 19 11443153730128824145
7 20 5982018454822455374
7 21 14364614320853540354
7 22 9417819609550660167
7 23 8980489528467967070
7 24 4360252553006800579
7 25 1894144321969233501
7 26 17910682797196141339
7 27 7330712194731096193
7 28 16726453658268554951
7 29 7105484768328169022
7 30 13403111037879632431
7 31 7541754223595885448
7 32 14607427590751751176
7 33 3386331360484404082
7 34 13584299520368740390
7 35 12930564483684431905
7 36 13066372595715784375
7 37 1560202570534640868
7 38 1060498354747052077
7 39 8817682817669043202
7 40 10965212155089398720
7 41 7744373785635548283
7 42 11711264938497430827
7 43 10187866856701583762
7 44 8621899825107802447
7 45 5940299395367157839
7 46 7956536213414011022
7 47 8901294639340760946
7 48 13939000986418098831
7 49 5166938863020640328
7 50 1355568102044524897
7 51 14626571850075858277
7 52 2294769456106330077
7 53 12800814152986135770
7 54 8923155115889217465
7 55 2429572659453126741
7 56 984389276755201036
7 57 3686145982477774066
7 58 11812841181394656054
7 59 11676190309898715960
7 60 10256416801271913586
7 61 5554662799406338574
7 62 16900164164521722291
7 63 8793929511104674638
8 0 10135988602337443072
8 1 240277876319277063
8 2 3528385619464898401
8 3 16890052533698797087
8 4 11404560967778507087
8 5 130735630536144978
8 6 15261089846323110369
8 7 15153431483203946716
8 8 8406561776554814980
8 9 1601170787672030420
8 10 15472437731378585409
8 11 1831233264079413932
8 12 3626704986210938206
8 13 5823064148395873656
8 14 8868961936000831740
8 15 3993079501325582635
8 16 15393863913223691403
8 17 12110668949982947011
8 18 105693921229916311
8 19 3579735757586418817
8 20 16449349060299452499
8 21 3383719883219647664
8 22 14223474122341365473
8 23 14699080995683446682
8 24 9539729272602475596
8 25 7608993640866050790
8 26 10951455649305223527
8 27 16141683562277027356
8 28 11574336887590679272
8 29 6103135378911493468
8 30 4290765391027085899
8 31 2549230006785023414
8 32 7225104070255076650
8 33 18395502236961006169
8 34 17557264862526934052
8 35 3267564571642678580
8 36 3568820801751699609
8 37 6762968740108066735
8 38 14963191696753847594
8 39 16534609110131206509
8 40 13805780634039135931
8 41 9006299820495539870
8 42 11757691914888485247
8 43 1748644910797238837
8 44 8818795096275015667
8 45 17346414983186057442
8 46 1580979600587731910
8 47 15821076733863567533
8 48 8812404334303431609
8 49 2781386564102046318
8 50 7478582548129895027
8 51 5540070622162277989
8 52 1937470054170284725
8 53 7138271196694408243
8 54 9242803763402597264
8 55 11211186826441694044
8 56 17804718034013123021
8 57 12645253420033337239
8 58 13840209064269906216
8 59 4184579006716863701
8 60 10220243243826267471
8 61 14843559184070301688
8 62 13649117267714779989
8 63 10443091748403170350
9 0 1847742804976085768
9 1 2092462658534650545
9 2 7421417405334893584
9 3 16178531317292800412
9 4 6508886138765982467
9 5 14515771893961801623
9 6 12208547949521172316
9 7 15911395716027838610
9 8 15345866772896008798
9 9 14876103463243838458
9 10 17614036205116286493
9 11 7256246337743200701
9 12 15342690513277359266
9 13 2174477047723405231
9 14 10939103984970923754
9 15 13447704754651763670
9 16 12003252565905756468
9 17 10715866493655518675
9 18 6481187158872076969
9 19 6350212813064638352
9 20 11960990120183711607
9 21 15535824771086667304
9 22 5038183885494380091
9 23 18316524063781107282
9 24 8203479006874345463
9 25 5428515752119905974
9 26 6733981940213226871
9 27 63724094384734937
9 28 14330526713947324376
9 29 13331380374042022539
9 30 15346395670607664338
9 31 10163198469743434664
9 32 2198995747283948959
9 33 16176512949677617625
9 34 4565295559189841344
9 35 7048968148371803362
9 36 15983122636278602899
9 37 8173842270522646765
9 38 1456577449354800634
9 39 18139829852302311474
9 40 312605189189084544
9 41 2902322370384778218
9 42 7547467949157843419
9 43 7487322507818521881
9 44 14476187260672111844
9 45 11312271494452780582
9 46 217806598413620050
9 47 12734399577688407215
9 48 13845747822474931565
9 49 17590813798642512563
9 50 13345365994650024152
9 51 15537612114685472325
9 52 2027945301826584077
9 53 684798400806037793
9 54 13240480896887257863
9 55 3265198069557222934
9 56 362013356310372229
9 57 9951481051100927943
9 58 6855143128472058895
9 59 13799918583258237195
9 60 2873118959565081837
9 61 12484656964639417803
9 62 4943457697513322603
9 63 14251729984313540199
10 0 4520446850544250046
10 1 5444990989856828818
10 2 12582872654607715020
10 3 7062440411246341708
10 4 1598605302322600392
10 5 18083461067172716401
10 6 5926904070285943477
10 7 14879120086135425978
10 8 17395995459027561141
10 9 6221694797962910168
10 10 10561977266716564674
10 11 5035910062373845486
10 12 13023994098912985088
10 13 12670865959715283656
10 14 17095113843426192167
10 15 11801584896527751299
10 16 9962788137078996901
10 17 15305715218226487491
10 18 2990615423868752343
10 19 11433763556357944730
10 20 10572573306090503099
10 21 14530346094076290508
10 22 12972204893912021764
10 23 1482349419539245863
10 24 8684595008999109415
10 25 8776067323945183008
10 26 3980385752408611015
10 27 3397887683114533350
10 28 578482011403656800
10 29 10058935738568679036
10 30 9863646882456952704
10 31 3138542664385756000
10 32 17489342095174658453
10 33 3223064287348489750
10 34 11932334334792274331
10 35 13779280740192882641
10 36 17039706924804163440
10 37 13693596070632462997
10 38 4466423787936860080
10 39 12463911070412130937
10 40 3341952400112352350
10 41 17269741129349142984
10 42 7136081796847157466
10 43 5041610087580016094
10 44 17243724405464058850
10 45 7993346834505645308
10 46 492984467193134391
10 47 2694256231847374553
10 48 3908255976117158275
10 49 6285465810134560671
10 50 9040999889749223540
10 51 4269756400352253052
10 52 6701798830181976074
10 53 12422008137716684907
10 54 18334151159541913932
10 55 14033852635290929544
10 56 15780234743741940182
10 57 3178164677930394007
10 58 17358324380908346989
10 59 12111444171709291556
10 60 3011405584240853860
10 61 9750027893308854039
10 62 13918976653328582600
10 63 2964122708234029570
11 0 16140399140566995400
11 1 18323502021608086723
11 2 12883754194029899728
11 3 9092230894731164960
11 4 17114472238007111666
11 5 9087068032436022731
11 6 3311873578758550242
11 7 643330501811822143
11 8 14616050074417177495
11 9 1399573583716813194
11 10 10018228030596774116
11 11 14230801186000078068
11 12 2198403439863366258
11 13 16813650248569269634
11 14 6000163034725337612
11 15 9121837011243443437
11 16 1597908529747101308
11 17 8256724026810053720
11 18 6976804374659000403
11 19 4057075812103728105
11 20 10628517105925533424
11 21 12253051182984627766
11 22 3856860772451629106
11 23 15183412928853568357
11 24 7426462453989450167
11 25 3202731147344264242
11 26 10254775681004370599
11 27 14192918504715851124
11 28 15745772952614141218
11 29 15618245606794654746
11 30 16744473811576435273
11 31 13733784428361540582
11 32 6462464169879035500
11 33 8357116948272104337
11 34 9875374611603005106
11 35 8914237481614278999
11 36 10419199899759526538
11 37 1031083000734039942
11 38 11466434021902141153
11 39 4957646712722057978
11 40 6396634578166139896
11 41 2449604858376931776
11 42 12431971571372663442
11 43 8568877279186150768
11 44 15426086427524520277
11 45 2148472595221953884
11 46 3510702065634015727
11 47 3930059580194888563
11 48 15092409716721744093
11 49 11464213763982168342
11 50 13784780495225520909
11 51 4205473763877418162
11 52 9531730951402513054
11 53 14299064674898023794
11 54 13353238299554706433
11 55 16682630055908376544
11 56 11224608051873454890
11 57 9487311613182087998
11 58 12366318438418278836
11 59 957283517195006698
11 60 6216697871091111722
11 61 13473918052435654897
11 62 13178767445894832443
11 63 17887387567787476673
