0 0 11440939088798436296
0 1 11028389408011663033
0 2 13377432964613424287
0 3 10264526076154570937
0 4 12060659956595822959
0 5 16203649030394066487
0 6 881868999952117874
0 7 2994449892389730794
0 8 12700732437378133342
0 9 4404699761013673626
0 10 2440195928357740991
0 11 7324509412253941834
0 12 15247356464016340268
0 13 9699037587916355970
0 14 4075554628261854451
0 15 7354960511050188181
0 16 11238610974206662964
0 17 6695987247747798215
0 18 3220099727828065457
0 19 384735860964936586
0 20 9281562463478582566
0 21 17180986131102702738
0 22 248928969012686562
0 23 7565394717243875390
0 24 11976545682216325428
0 25 1627087437753373938
0 26 10368070125648860065
0 27 13440221235233682823
0 28 7198494584791907058
0 29 3503133632308151341
0 30 14365288744224783647
0 31 4970462663622865507
0 32 1334863038801169368
0 33 14825674084717707964
0 34 3814794083004259493
0 35 1330002497123601389
0 36 7392936969105128083
0 37 16287043217530198726
0 38 12192204389392688512
0 39 10132785282897255581
0 40 5822335497905004177
0 41 13759106172650846671
0 42 5415161533572509531
0 43 15943374200870943449
0 44 1477040553975457053
0 45 14808690197496726005
0 46 3009813977290756112
0 47 8838800280738612391
0 48 8887594504024373470
0 49 11445019100978742806
0 50 13011975590938987420
0 51 2141293229801310883
0 52 17369131367873018768
0 53 14308638366645318272
0 54 13208923009548062010
0 55 9243768167392052700
0 56 18304220374546252001
0 57 6887281879093573526
0 58 4649025252052853012
0 59 17019453964028429315
0 60 16125390720794881892
0 61 12867943322729355095
0 62 8088419378534465261
0 63 9775184820766680414
1 0 17973765778773532399
1 1 6548069950651656437
1 2 4541838235653485572
1 3 14457920373771821299
1 4 15682104122473037967
1 5 6377091604189783341
1 6 7625949100663735860
1 7 1779642964716258109
1 8 8493730050620235851
1 9 805947465994923121
1 10 3334380122161368553
1 11 16640206302610082090
1 12 7857319085744236242
1 13 6938042840387323577
1 14 15270532085859506757
1 15 18084680475154094327
1 16 9948865664254744296
1 17 1324457509935604244
1 18 12657617695290262955
1 19 4870285321282994725
1 20 516720449737576909
1 21 3178137045258347446
1 22 1301864056761633807
1 23 8978758660960380308
1 24 7146800305547815022
1 25 3773295505814378928
1 26 5769971796653637765
1 27 2671292900797335990
1 28 14620401042375826428
1 29 4486923223597472395
1 30 17702804780494624835
1 31 5876704323779412661
1 32 17579164077666630509
1 33 9259895873150675076
1 34 15893724943028879852
1 35 15116439097996201245
1 36 18209259526990858603
1 37 8440134632752506263
1 38 4722037168065742259
1 39 18243529341461501158
1 40 4099046224133357850
1 41 6390542283732257631
1 42 1049794831821775634
1 43 12764569445671283959
1 44 3824786511239748935
1 45 4909240543243621319
1 46 17075705832519425008
1 47 2943917885409484625
1 48 14523905944014879475
1 49 11610189967757510221
1 50 4884622308826032690
1 51 15630841772957860732
1 52 926399089112455332
1 53 8796729551017304416
1 54 12680259757613014185
1 55 5345538804108763045
1 56 5890911140178031172
1 57 12788435464606623599
1 58 978926109893872363
1 59 15819749946270707092
1 60 1649553975879650190
1 61 2249023192339581473
1 62 17006560355200553280
1 63 797694068910995924
2 0 2134317355090846355
2 1 1983285636555337359
2 2 15493854155361125342
2 3 3702811045382522939
2 4 15364263314692066479
2 5 1573204730316532276
2 6 2355574693338812653
2 7 7989305492248480703
2 8 17615800001605838372
2 9 2041292105179793214
2 10 5306692713863946159
2 11 8185204113560362636
2 12 16934276954288082975
2 13 12864130042149731436
2 14 15004297641061379410
2 15 16147944757820816309
2 16 12877349240537528498
2 17 14249888012296748600
2 18 17586103230305140421
2 19 12756694686616304861
2 20 6308429201571124090
2 21 1851957101854461895
2 22 11695271098069623215
2 23 15980407263790274490
2 24 14502213036165405021
2 25 8956387022852200013
2 26 11574460419634210268
2 27 8667630029584746039
2 28 13761647092514841965
2 29 8802681277621649222
2 30 3655927324667060423
2 31 2900434228130093376
2 32 14739468042275919888
2 33 2315888513475510954
2 34 16618122074692267160
2 35 3031397388904350368
2 36 7393487494113311092
2 37 5714970368288230803
2 38 4957128823943572921
2 39 13660403759836261221
2 40 10017882430290540670
2 41 13878832019227585965
2 42 4765690491035205128
2 43 12647514429649259364
2 44 6858045626023499468
2 45 7040888309201440429
2 46 4554109635130310085
2 47 5199632658634648619
2 48 4633874063535952108
2 49 17572860411561524356
2 50 16834619552413222305
2 51 14790179052809685053
2 52 6808187578652449611
2 53 9644390822324336099
2 54 5687402276529778679
2 55 7583649266509805911
2 56 4119137959168510022
2 57 3034425413020796785
2 58 10739474720224015849
2 59 15540936397283595598
2 60 16242424867278314912
2 61 477104907579305720
2 62 11916484001278975203
2 63 17831685285611678869
3 0 17915145752064858161
3 1 10034533845567554217
3 2 10806826194416017441
3 3 2429720269862454706
3 4 13028121194204417078
3 5 3349968765094886248
3 6 12311952140533764307
3 7 2611257288201250266
3 8 1680314529349225849
3 9 4365643099963519466
3 10 11140314524379172289
3 11 11520344373016340435
3 12 1368788465784455097
3 13 3961912782378210279
3 14 7351618344986396330
3 15 788714644719397970
3 16 13170518535671008917
3 17 17626913802296833268
3 18 6731312190248947525
3 19 5132487406702620708
3 20 233462931436073359
3 21 4510178512210547005
3 22 7957766069083151779
3 23 3518448737084455597
3 24 17999492213896624543
3 25 13719215889442037466
3 26 17813671350091678129
3 27 4079705888337918578
3 28 17975760017978784549
3 29 4126411169608897432
3 30 14645561019617934748
3 31 17053406587614235723
3 32 3976573254029586166
3 33 16790929612975025188
3 34 2203833108744460096
3 35 5418458706958831173
3 36 14301376448731570438
3 37 14206992552432318930
3 38 8729614078877898919
3 39 17449280942475834929
3 40 14962589579153922025
3 41 6501468188274859792
3 42 5338550587396266526
3 43 14903836872599692337
3 44 5694137185457955888
3 45 8220395122552219361
3 46 1382781489003335133
3 47 15796258590977726857
3 48 818462799915757395
3 49 3866010599262244196
3 50 9412465884966488969
3 51 12247921973260598682
3 52 16167583521466212848
3 53 7036982978639518247
3 54 161675153162235268
3 55 2258011118382001378
3 56 16294566191871147326
3 57 5859095471874119792
3 58 1168326962207094140
3 59 17617551532375297855
3 60 16531888224221486064
3 61 15748382955013232777
3 62 13429061227289253428
3 63 14438251008816924742
4 0 12378190355866737055
4 1 6879600818773234823
4 2 14767863650990158868
4 3 16950905474444292355
4 4 7741765853808167134
4 5 6812761362443025185
4 6 15779590424377439717
4 7 1317159596891903919
4 8 8864270085495679197
4 9 3211900494837636049
4 10 5473898247819731974
4 11 12020722815009085499
4 12 6590792837272115673
4 13 6690855270226611544
4 14 14520528966097082608
4 15 18038230088097746714
4 16 3900229293521038430
4 17 15693674029464203274
4 18 929630972401519699
4 19 8370907651136431009
4 20 4720970070733410305
4 21 1188929439068215341
4 22 13283590057563214104
4 23 15838583951995144007
4 24 5180487815970024210
4 25 10834163319596362493
4 26 14627259216233480264
4 27 3545486034475975279
4 28 13888425992217127007
4 29 16288259402893134775
4 30 15017318025562728360
4 31 5748777056720093009
4 32 582983137442373583
4 33 2777541274622666802
4 34 12130975287326913555
4 35 3691751621985189735
4 36 16909290038856765767
4 37 16444739066917043820
4 38 15402739133074615306
4 39 9516275255793732825
4 40 15594620674959578321
4 41 5109848755250842761
4 42 8878120641741703680
4 43 13447817998867801087
4 44 10541114515530637631
4 45 11446927166149963041
4 46 15011001655809906520
4 47 13886226360003956737
4 48 11256313862161854790
4 49 16676729508607770184
4 50 17877262788172835126
4 51 9071757772457686389
4 52 3118068041938818070
4 53 12513918416991689889
4 54 5334811665640720515
4 55 6854926053303848872
4 56 9063897527473500466
4 57 17307115362380368916
4 58 1001589403961643623
4 59 15580045073795124046
4 60 15692408128159726321
4 61 8340985843001666796
4 62 12942690397251565910
4 63 11144523555471728122
5 0 3949984508226500750
5 1 10149041335353554770
5 2 11596632615006072483
5 3 3476710483492714215
5 4 11104303107273576440
5 5 14358704358419877616
5 6 6696501921965596958
5 7 16628968908764048168
5 8 12879848068882733582
5 9 3764770883720646522
5 10 2054681402339605844
5 11 5880926255677892289
5 12 6394215465788856222
5 13 14737171020876015738
5 14 6145397259185358388
5 15 4098612501568140325
5 16 14979057308898418611
5 17 4295054292925311576
5 18 1739997091161054413
5 19 12726164938366434644
5 20 3869872073655944353
5 21 16812865822610637809
5 22 6248427669605459854
5 23 14377831569549198844
5 24 4349938448515215791
5 25 11637107682257933734
5 26 15645078023285455674
5 27 1640083217047048918
5 28 17267759857471438727
5 29 9100814365369935611
5 30 1573459878045135601
5 31 486650435434772492
5 32 7254434205970827835
5 33 3691381913451083837
5 34 15354665015683562420
5 35 11862537530852734283
5 36 9627764287315203465
5 37 15913287094289580576
5 38 14654485622893662361
5 39 14754511693813071404
5 40 13134035352131859055
5 41 11944087886068428852
5 42 5283020878759315078
5 43 16693602629196963959
5 44 14705399900234988599
5 45 7788627132879779071
5 46 17046716892805945249
5 47 9002775765766686291
5 48 18126216976747337435
5 49 18115143850281337926
5 50 11694356353453115932
5 51 9166231245707254981
5 52 5302393718270433841
5 53 9537650115413782680
5 54 5996428065231368573
5 55 12185278541366223829
5 56 8828933110459499279
5 57 10823150155129103509
5 58 10808566366962442472
5 59 14381006870969133147
5 60 18112404711366072053
5 61 5971964727643419816
5 62 13350780317876709476
5 63 107698753826673505
6 0 8178625123590798888
6 1 4084291766862924021
6 2 13660977010136744527
6 3 6990740281350937405
6 4 15088877057949504596
6 5 16795617327821453551
6 6 15782920675650671300
6 7 333930470001002142
6 8 12182563114246571780
6 9 2068402544350189198
6 10 4048641741289884291
6 11 17229723059814673504
6 12 13961654367386116274
6 13 15948637123542812793
6 14 6165065409365902845
6 15 7800582171896521514
6 16 15047464647129232184
6 17 14786925699342164089
6 18 1628690591743364913
6 19 3809304795017096351
6 20 6351761598088399308
6 21 12043609115097232011
6 22 170750754028491806
6 23 15701153187020216364
6 24 11209738333261862373
6 25 2225904359785724149
6 26 1833929365933369908
6 27 9300462582701494728
6 28 3653139971152617630
6 29 736680077573089787
6 30 4394076755207733659
6 31 8619603993856626469
6 32 5414016415322284245
6 33 3207786209122465906
6 34 11347568524082582677
6 35 12164667713088489105
6 36 7468849672800293057
6 37 4355172917048919177
6 38 15163671361840584915
6 39 9390252758568748131
6 40 10663538922797650176
6 41 13780732446001276848
6 42 12960627429504575432
6 43 15747712457547357436
6 44 4882292612200588769
6 45 314324455677374683
6 46 8530130271210285392
6 47 6775103128559573430
6 48 18060350921161746193
6 49 2424392741538463364
6 50 7037137859938358257
6 51 18205041217020257167
6 52 16607560133968542141
6 53 17309138012948131361
6 54 4787413897539876462
6 55 11871259534387318017
6 56 5533801340609458316
6 57 2735076319532274988
6 58 13276192818197772773
6 59 13088693329928506087
6 60 4574229132161301877
6 61 17074597544502958683
6 62 3779914496668670766
6 63 8664913436204320955
7 0 4519906178900154268
7 1 15238848673397704205
7 2 14554462533895998006
7 3 5040202607903156889
7 4 8686746079390212711
7 5 6456267672980879126
7 6 1179724165283377239
7 7 9989981344551450776
7 8 6932046045479078816
7 9 7909365957240670543
7 10 11875547957462976082
7 11 5573620316224619418
7 12 5127107952489104298
7 13 17759709693118151582
7 14 288030857493115825
7 15 7145178203122235947
7 16 66178030243996369
7 17 10290449106651023234
7 18 16266861367540033235
7 19 3179514974310154796
7 20 11736536155495334163
7 21 12848369049567894024
7 22 7454047383145536530
7 23 7932340455661077596
7 24 3618978175343172471
7 25 14746851797017833141
7 26 2351625027737403703
7 27 9530218191513216579
7 28 7464108609022374383
7 29 8612048898980229567
7 30 6276368730691821908
7 31 11228887393009948415
7 32 11021454680937154285
7 33 171033252876135673
7 34 6397551244447549973
7 35 17154019049696873802
7 36 17786025643624758857
7 37 12708907974308138715
7 38 9342717147351779908
7 39 1298182196761625433
7 40 13789770468351204329
7 41 10715254276605083901
7 42 894430747169285039
7 43 8696568520013552365
7 44 5508256364409312268
7 45 876233074683546714
7 46 4118296947163730788
7 47 17530826891433321993
7 48 14244724632007268315
7 49 700080883875614456
7 50 10864456949352701425
7 51 7841216156104654000
7 52 8558370572230486261
7 53 6709980225731261513
7 54 6236329453557606492
7 55 2978916677265648261
7 56 8031758191246358841
7 57 6608722955982696902
7 58 14308449173048340983
7 59 10195465598072414553
7 60 2304046372499123764
7 61 13493835877719995438
7 62 6252346371399510628
7 63 2762004983287277162
8 0 6604634209748023668
8 1 4987219726595227641
8 2 10840432819673338223
8 3 16188236535518562705
8 4 13073756453367638496
8 5 3018677576588709125
8 6 15563840413388241046
8 7 10004756650755909156
8 8 8318616710121552887
8 9 6260841682266581671
8 10 4944550872257851588
8 11 13431850982846973901
8 12 17075740255523249892
8 13 2109143274320279159
8 14 10048368915041483349
8 15 17242735970701618892
8 16 905181876496570576
8 17 9303691997972253197
8 18 11906142449413914316
8 19 9066290143351196266
8 20 8440969479209343528
8 21 9928115997987774622
8 22 15846113947671944301
8 23 13296643690679138577
8 24 9428658469437075575
8 25 16116078777466132375
8 26 635451021816321194
8 27 1538204654291772775
8 28 16105268527131116426
8 29 16502105710190077995
8 30 7376338287079254576
8 31 18373526996487378348
8 32 16443008123202972240
8 33 3627181132653606071
8 34 5368039044157018933
8 35 2700175119942129411
8 36 17494396468949490691
8 37 13073606927344149110
8 38 12318332922545177709
8 39 11673884872932803171
8 40 11122862364702098485
8 41 16610574633656553101
8 42 6235915086913961055
8 43 14444134268609310765
8 44 17848227595234118514
8 45 2914926314504374305
8 46 8258424665570606208
8 47 2882320142109133875
8 48 10679661128719619692
8 49 11122366355903719938
8 50 5912761697408608548
8 51 18154567098835835825
8 52 10501052119540336457
8 53 13255046282510887021
8 54 13112170163198922825
8 55 6214699916155648597
8 56 5593634827646157247
8 57 2699642660928454871
8 58 12464462717131884273
8 59 8296536289760956637
8 60 16915554424313824571
8 61 4017160660302081243
8 62 13013427383592898235
8 63 4179170098154931996
9 0 14532262820972438038
9 1 2225032517607031321
9 2 2012340694718444050
9 3 14188483289237896385
9 4 17696914259677981471
9 5 12930165773984869290
9 6 1449651978982089120
9 7 11090969621503713630
9 8 375745891360983011
9 9 10353679645303086784
9 10 2107669442299262483
9 11 3212193256295686394
9 12 9392632351210679268
9 13 9439508701052589996
9 14 12119857476851225754
9 15 17053880469185924189
9 16 12648674671376626864
9 17 5358748849291513157
9 18 14215287366024269347
9 19 1335934475475449494
9 20 8231089332500269192
9 21 1939744692240512015
9 22 6046318235538001510
9 23 11799425172552247799
9 24 17835169733796224211
9 25 12442904261986850635
9 26 12224107135193753600
9 27 6270420380567183051
9 28 12055611503507693633
9 29 8090807790563963667
9 30 8535215121810702770
9 31 5854871761304663761
9 32 16554436824583339811
9 33 8801380491338618617
9 34 3323301050720629199
9 35 3289582919180001453
9 36 12763683344476843471
9 37 13662545274137009890
9 38 12979284478250199921
9 39 11730500884705881270
9 40 15115999965567157092
9 41 2479679567976499343
9 42 14146753206245478778
9 43 11640731405557924457
9 44 5170296875662573120
9 45 798975234008094473
9 46 15904039886475915141
9 47 13374768300693731880
9 48 12754102186256900220
9 49 2560123962646137409
9 50 414218649974899892
9 51 10079250688276818369
9 52 8742239048347467807
9 53 2920627145639333345
9 54 9605764973990094798
9 55 3265899836268582751
9 56 11091187242399074686
9 57 17299469014122529072
9 58 480840848061681751
9 59 16355402794213680572
9 60 2727372123444141124
9 61 17967063291795753334
9 62 5106557770001950200
9 63 4132232455968511877
10 0 7562211108508750845
10 1 6753950020211888275
10 2 11544775297297103819
10 3 9134662934420133086
10 4 13092544778871291202
10 5 15979172409490859551
10 6 11607123132848843907
10 7 14140170165559919550
10 8 1167275053130406103
10 9 2892698014684197800
10 10 7311604172236891493
10 11 679604453595887993
10 12 9568782046739048531
10 13 2970601799877210928
10 14 16763964933465315261
10 15 13395817954096694631
10 16 18282755112014205495
10 17 15537963710281624034
10 18 8845392465924803014
10 19 1181649485979638179
10 20 5345770209010636601
10 21 4813103573034028963
10 22 67477758045301791
10 23 14526053933796885802
10 24 3314678631207136652
10 25 10103963282727189140
10 26 5864974717616251195
10 27 8351360942407729362
10 28 153455458133909707
10 29 13194887696162752395
10 30 1519488848980346227
10 31 1413644441238660233
10 32 1258971817338105330
10 33 15496040882998358934
10 34 3431450107684872000
10 35 18428733175213615548
10 36 1333360292258617363
10 37 445272855208166835
10 38 9467154707681479381
10 39 16024855559925475590
10 40 776604896588303460
10 41 9013351296316123259
10 42 14469886607610141205
10 43 16751230630777403481
10 44 13587033140643842559
10 45 13180024524343388304
10 46 16095939704745974231
10 47 9705155286745819643
10 48 16768947196244175387
10 49 15356103630798940485
10 50 13990089436462181758
10 51 4913247009386865357
10 52 5365515532354194501
10 53 10228507654471175187
10 54 10073708958507307439
10 55 10861056127619699556
10 56 6196542362616887282
10 57 4922789441104740762
10 58 1397171991434817042
10 59 8431494950929952301
10 60 8893854574000008921
10 61 7762775354716552841
10 62 10035344242742660349
10 63 16799699763685033690
11 0 1183994355452633424
11 1 11488493332336891501
11 2 17075879320991497310
11 3 6462357006174012062
11 4 12690532848944872439
11 5 3718825234957654105
11 6 12916840773540191244
11 7 12422650607633150569
11 8 13724354909924854877
11 9 10505119071994072984
11 10 13876903793849208239
11 11 16918186237102686109
11 12 12587782318787714363
11 13 13279419643039955018
11 14 5835969711674297982
11 15 9100379069167008242
11 16 9111991623014027659
11 17 18037256333876397526
11 18 9186210325610480403
11 19 5155237914260416141
11 20 12030629867097472799
11 21 146748198967441131
11 22 5985776850696997552
11 23 4982663551069315823
11 24 12170734163284030055
11 25 2918608314258955092
11 26 12333769899079985296
11 27 6629703121357969805
11 28 8103334133915105571
11 29 7414449108203232968
11 30 14926343169777820258
11 31 8521321758651996248
11 32 11906495068350185952
11 33 15465968905442118561
11 34 14499976207460541193
11 35 10859148131441915400
11 36 13012511375873927948
11 37 13167675131819707503
11 38 14051918534240172126
11 39 7831344910346604217
11 40 9222766760339409665
11 41 18341198690663306380
11 42 9925604864648760991
11 43 12143650515283182998
11 44 13392611301667674606
11 45 7099789355118613659
11 46 16340523733749366386
11 47 14706199849952132700
11 48 9857701001362544125
11 49 4396722342249462071
11 50 11101510727027182945
11 51 2328427425767895565
11 52 8811316038839657591
11 53 5360796491493096418
11 54 2279934279139504355
11 55 9039100244644622049
11 56 17365885485099999967
11 57 17287582083164171660
11 58 10572360142611059243
11 59 6306349833362727134
11 60 7366955764123658942
11 61 8897999013973142431
11 62 6829484571089804660
11 63 2344021214713613462
