0 0 837428372311933634
0 1 18282363482082974239
0 2 1181005061155080295
0 3 8779707683943291407
0 4 15196956746560896690
0 5 13258610284837971105
0 6 768949847283830206
0 7 7808582270279831089
0 8 18142147469286609900
0 9 10842022325129382196
0 10 391052460622087977
0 11 14824912747870481347
0 12 17457975443597478706
0 13 4005480328935587121
0 14 9217794724766558473
0 15 15110076091080133935
0 16 13485431188438693655
0 17 8889622717762973277
0 18 2305455174622966108
0 19 5236947074734178916
0 20 12708017212738342231
0 21 675665091687844864
0 22 17575621970646796865
0 23 13551624006008767123
0 24 5409688167727412013
0 25 14408506911119497505
0 26 14865502397822752425
0 27 18281271681341815269
0 28 8853618576137563012
0 29 10538462955174476753
0 30 2327308968315934848
0 31 11923157683042482860
0 32 6000036105057062506
0 33 505046369615721122
0 34 1333845790569822028
0 35 9722299336037332843
0 36 8914417658732122348
0 37 10338892063276243330
0 38 17386710110362656614
0 39 9430233494147020445
0 40 12905370831484972066
0 41 10949121400244988912
0 42 10391986593118582636
0 43 2050367021169665038
0 44 4831209948933451889
0 45 4834494600896186961
0 46 5363775311271849470
0 47 211598988583716520
0 48 1686613248318961873
0 49 7910947873927329108
0 50 7531677619737344673
0 51 5415498855724487690
0 52 902135095107461790
0 53 14486624620578473714
0 54 8126016890540943172
0 55 14669509325275973612
0 56 16717623612445727907
0 57 12226253001167246485
0 58 1896310149875027135
0 59 7831874104735899798
0 60 16862128225021248915
0 61 9355320340579891868
0 62 3479544023050472383
0 63 11109967145802389934
1 0 7211808123351287408
1 1 11439469419737014884
1 2 8042289031138315276
1 3 9412999481818231019
1 4 13624629429001120038
1 5 17686547338934478016
1 6 14270810616438709852
1 7 9320558752374753377
1 8 6751289839747563809
1 9 11907468814038084371
1 10 12539164095969808678
1 11 15637763875276600207
1 12 6395902286472232370
1 13 4443373094562685167
1 14 8357847536153639682
1 15 8462480305082583329
1 16 2642984959363699172
1 17 3321337243099836206
1 18 15799510674073356507
1 19 8833694224281430702
1 20 15655101192864250171
1 21 9452390571771335600
1 22 6676169262005754822
1 23 6202872834930703548
1 24 13049006501332324498
1 25 17020428339201294879
1 26 17019194446986032669
1 27 4754795209774178978
1 28 1022574802175773956
1 29 9930716759029153609
1 30 15076002746047146211
1 31 9557006833487358644
1 32 16105304258799015072
1 33 8952252050123864522
1 34 17955410792198959239
1 35 10604813216736392039
1 36 3490244584508499802
1 37 4279794171611284701
1 38 1182676061455180386
1 39 152761288257494504
1 40 9449100589775483261
1 41 5879278066095612007
1 42 10940898254475351641
1 43 18220207319051491487
1 44 9703107363667185179
1 45 11843998414887449687
1 46 14175288233046897668
1 47 5534640692532458366
1 48 16693934546628771233
1 49 12034276332083569595
1 50 2609547506279197002
1 51 8830446265859132615
1 52 4522917693782029500
1 53 2485202420169812973
1 54 6713106649197085829
1 55 15621249604858915884
1 56 16492863924623955500
1 57 16165881011497387515
1 58 4414546802925664754
1 59 18042950448129642026
1 60 610496162163129807
1 61 6935851803916423452
1 62 6277849352535971282
1 63 7474594265446149703
2 0 11856983417784901439
2 1 16477938460150521933
2 2 18000586812006163272
2 3 319438314254249006
2 4 12445843465963034098
2 5 16941844640178915685
2 6 8130473406142286523
2 7 15622406164969525566
2 8 12368520494545164643
2 9 2686032186413992901
2 10 8525436675542414373
2 11 14588309770581672019
2 12 3192246359261479160
2 13 4524174081589119297
2 14 6241377322553438485
2 15 11832854558570950389
2 16 9966022427932472800
2 17 3397751349250988248
2 18 10737530038278009545
2 19 5761386361393705914
2 20 10015249181295439449
2 21 7588192033991680600
2 22 2459209010386062936
2 23 17284293911229293841
2 24 7279649501303526095
2 25 5025435596057656294
2 26 5509404731745360737
2 27 4349434585806549567
2 28 13300307812756661491
2 29 14391076675679403628
2 30 11659403342208198563
2 31 17796104590134632235
2 32 4330118331477808704
2 33 17412526595421647480
2 34 3475014631945078683
2 35 6064562333828968386
2 36 9017898418137299152
2 37 1964215573835680164
2 38 7653813969285000469
2 39 10927283515175341419
2 40 7454511348469247305
2 41 741959429405349962
2 42 1052184272122932362
2 43 6655734823049401546
2 44 246706886755843957
2 45 14661424624380857811
2 46 10081799972247804427
2 47 12375288502161169201
2 48 2242464544743833448
2 49 13909840567532904236
2 50 1463518350195028780
2 51 9940674415215672757
2 52 13528512062224832088
2 53 7444514163492349293
2 54 9561581734625267973
2 55 12835761710490451006
2 56 18065981525843023649
2 57 13744936355273590343
2 58 9761837312541543714
2 59 17478598802210836082
2 60 10112370245640243427
2 61 7857529210282763114
2 62 15877433307725544366
2 63 7846487993463349840
3 0 14975550824308939331
3 1 13247136578960567341
3 2 1665335122447486468
3 3 15748969525343829814
3 4 10275367555717615514
3 5 12747945996919500262
3 6 16792840157455516875
3 7 7209454937392148553
3 8 11899434212176031067
3 9 3672219204132382093
3 10 13438946402171220978
3 11 13834580743872983902
3 12 14455232290202771593
3 13 16519267689043161516
3 14 4977050330745689634
3 15 7349307842039137397
3 16 9218507560157155859
3 17 5214470059113087231
3 18 17024053327886009281
3 19 3394621904551302735
3 20 12628803711573272364
3 21 3235285602150708106
3 22 742197832413386088
3 23 2772462793296427461
3 24 1877178827643947065
3 25 10829074549710777263
3 26 7000171210405214497
3 27 5552487981972888434
3 28 51429331735292223
3 29 10901745706281790893
3 30 17783752187963011509
3 31 7101267406832232829
3 32 1812489788340795191
3 33 14177704791300759746
3 34 7485104002197153951
3 35 14477244399666921435
3 36 11834596668453888279
3 37 12594043658492600304
3 38 2610133908598653496
3 39 13329973005021299186
3 40 132129259197861937
3 41 8471125846778675346
3 42 10331032493662160759
3 43 15916279657658554248
3 44 10874605815050077945
3 45 2484019402572733599
3 46 14355954188521617587
3 47 6656616019562653407
3 48 15825008892996921797
3 49 15750396668737641586
3 50 6407471615983258515
3 51 16550364735974032026
3 52 15785079760269696190
3 53 8435558400605141243
3 54 2718041212411264230
3 55 15524509459560955157
3 56 8469463728254390745
3 57 11281268207934763476
3 58 8728835918046061340
3 59 13369730689795503772
3 60 3392044701854214451
3 61 11827631606906349795
3 62 5834372761259431813
3 63 750088294298447398
4 0 16004368371100529618
4 1 13483007160361782873
4 2 17355117280440186299
4 3 16993126567231830427
4 4 15695621459733785053
4 5 7489575710224427858
4 6 8538630477264588346
4 7 514806322371990534
4 8 3896788766363104924
4 9 14668277008868040467
4 10 6041363167205906782
4 11 11141687455352127786
4 12 9690171990933934243
4 13 4282242033290466016
4 14 3289524108348595344
4 15 16244376252836108693
4 16 8592521740892182854
4 17 16313181736996626396
4 18 7477137465619678069
4 19 3253114100511900451
4 20 12274910374523179940
4 21 16055100591462679944
4 22 9368708783185528531
4 23 2243099715058088445
4 24 3524854362081848443
4 25 5598257214810744681
4 26 1937069968951366658
4 27 9826435427215734638
4 28 3967575684796760911
4 29 15313729855526926144
4 30 2206716328454241412
4 31 3799953956889300712
4 32 15507731918739679821
4 33 9451662391881281365
4 34 3946199963404909001
4 35 18139954203280187892
4 36 4858527473093824589
4 37 15657316319525911406
4 38 6810217917109881858
4 39 10263627857237089762
4 40 12306598413543179113
4 41 5801764113537433765
4 42 10755783850387691977
4 43 16344769879836647049
4 44 2190136071226450400
4 45 10618494600074694072
4 46 1514878830369942835
4 47 17829377939058113309
4 48 9731765251219752110
4 49 13837484542922264793
4 50 8394346942333445249
4 51 4195609021667272398
4 52 6498793946983651844
4 53 3362195164905466410
4 54 14285194619764196201
4 55 3873022822315577879
4 56 10703796616548950182
4 57 14359221930017583499
4 58 12161520476883777322
4 59 12803149067659745690
4 60 11200784434844742154
4 61 7474147324051426186
4 62 11940295275964562432
4 63 12868186668353725559
5 0 18086751249638087068
5 1 14685403212107834188
5 2 17055042092451272891
5 3 8754127879470447044
5 4 13285425497758392718
5 5 6927173881874461445
5 6 2437052978435560063
5 7 15868043133393375531
5 8 9522539742599526897
5 9 1266137248289894569
5 10 7064294230559899141
5 11 18004135962736670426
5 12 7563248797194239068
5 13 13921197510344318728
5 14 4646030964956257857
5 15 5102639489944944464
5 16 12340715726065315115
5 17 2312254914717202503
5 18 15670830965219581528
5 19 3321336045810442885
5 20 6847667987993873047
5 21 7290285282450203468
5 22 11419251130237757318
5 23 14489593924105658788
5 24 2183219266608872141
5 25 14694615102232459746
5 26 18408992666337242566
5 27 5511108528774801301
5 28 14029767618758034878
5 29 694090090657300006
5 30 4215525082953564329
5 31 10307752055048129741
5 32 4018442489480035624
5 33 6245747336380122176
5 34 7822447111614432020
5 35 7089932597657119536
5 36 7294145793077856550
5 37 4798958684016845929
5 38 17531454144819232768
5 39 11898556421216270590
5 40 12115374795468518617
5 41 10643153851095811469
5 42 5709856426267745449
5 43 4544822239137172540
5 44 12294756780510667395
5 45 3921847693352913355
5 46 4861426806680345040
5 47 12895630142916559133
5 48 9867552272611028900
5 49 14721687485088065172
5 50 9809514451234006011
5 51 3941291756887933590
5 52 1696882871519022564
5 53 9669012414538745969
5 54 302698508573471828
5 55 4482116921472119353
5 56 16347554232276663229
5 57 14497177797175011479
5 58 2060461420545239180
5 59 17840027095146399890
5 60 6707876990682079557
5 61 5754134321890356545
5 62 13854587416983650259
5 63 7929849953492301440
6 0 4710071408438242226
6 1 17225542935440672522
6 2 2723532749825727166
6 3 3835000685547144354
6 4 1644625484141474093
6 5 6274614737840301700
6 6 716336976401301363
6 7 8383695661890030982
6 8 10272282694969416378
6 9 9726021412816513457
6 10 7663108575908962026
6 11 1633580537707829127
6 12 13662249882041342044
6 13 13085923507550356781
6 14 4432158844846376719
6 15 9764265672668549416
6 16 11440147517310284220
6 17 7196604143773944237
6 18 1043186889926178785
6 19 1197924929561886973
6 20 98835747499348071
6 21 17203130192470302221
6 22 10540649437174705134
6 23 10104951743638890217
6 24 17964949399890214638
6 25 7286831569746084030
6 26 15597420370767218638
6 27 2956193949255225027
6 28 13888779043840409547
6 29 13223847909537379115
6 30 15313029830795710478
6 31 4358819467454164126
6 32 16187386937196081782
6 33 3240682460424791544
6 34 3119729341293124118
6 35 5242169843108748526
6 36 10302928961912482422
6 37 17892565469338109193
6 38 2764500617689109593
6 39 13963148091251446851
6 40 7610262172941197883
6 41 6767163067461878743
6 42 13488002411178136562
6 43 6590324114700975777
6 44 742356899762584043
6 45 10383911687505255997
6 46 298602755604646901
6 47 18059131985306481277
6 48 4070774264950023438
6 49 6039301082877671271
6 50 10052313838362299886
6 51 8815786624263697303
6 52 16303566299016635596
6 53 17531051155181810372
6 54 14152470851136616108
6 55 222154886719658338
6 56 15246186561140926112
6 57 7624851311906446513
6 58 13833513062059398884
6 59 2169777314635071486
6 60 7017766072880085002
6 61 3851168982681854479
6 62 5298388073289486723
6 63 6381345478874056149
7 0 11688366889482858690
7 1 9581141313501042274
7 2 15071568992436104395
7 3 5770224991013774863
7 4 12554945661051597398
7 5 13269342487189655053
7 6 4856686105709734826
7 7 12129124356150616003
7 8 5184065507317906525
7 9 9434446715854350210
7 10 5811866990856869707
7 11 16238638934821718083
7 12 12357082577113850765
7 13 5538729701689075854
7 14 6267151089288822922
7 15 14850474459198451239
7 16 2335075985513581037
7 17 2938664999988071518
7 18 12722581286009615541
7 19 7461802107445737037
7 20 5252368833321973745
7 21 3352953795529213367
7 22 11415897500814664901
7 23 13880693262613479123
7 24 1896205519946207567
7 25 16560377159331832914
7 26 14630024638581264427
7 27 8294901769451471584
7 28 11927668153056509612
7 29 11898126303539883942
7 30 11248610196086829912
7 31 15140237610868028484
7 32 6047053639638413371
7 33 2058766140118857048
7 34 9590831924193532087
7 35 8682691207899834141
7 36 3745410906222352501
7 37 203938491934028651
7 38 11318494657822835520
7 39 11569740755008222592
7 40 10743016082475195880
7 41 5364553074852287444
7 42 3896472168487147284
7 43 11955242002867724655
7 44 11234337959227222835
7 45 12159916920646545437
7 46 11221409618806049007
7 47 11426028586789280506
7 48 16339420675796939035
7 49 8498221733369099974
7 50 17847857560114634772
7 51 2861573258264692750
7 52 2327423270497011952
7 53 179199227248952157
7 54 1611438698279563427
7 55 11324550450653529063
7 56 18380118754703174771
7 57 7866399603813965036
7 58 4579639559550322261
7 59 12765028849434013023
7 60 13419883584784652879
7 61 16431458706883451267
7 62 6903315079134625990
7 63 7575668910710195447
8 0 15855566073375405594
8 1 16772476402819204837
8 2 6545419488183417616
8 3 8105043475307131779
8 4 10453023678452119516
8 5 13309005018569994886
8 6 7658639106269198155
8 7 7090078301774067330
8 8 8430833281346337956
8 9 210221822068616899
8 10 15445845860918572577
8 11 17920287596279699434
8 12 10254339826950172897
8 13 6028724710518053443
8 14 17539499062990740926
8 15 4065493037327441965
8 16 17686811349496394854
8 17 8094435620475390837
8 18 10646682051034135106
8 19 3994000116561138314
8 20 1039121469187611717
8 21 15044837986182781973
8 22 3924650232782873385
8 23 14177058976797090240
8 24 14544749742126979429
8 25 8927290613199790926
8 26 4286756927164513865
8 27 10351572863887149237
8 28 7258008535648483762
8 29 13755344751735221025
8 30 16632919108631083627
8 31 16657025436981303089
8 32 1911308140856397306
8 33 13072809232752647129
8 34 17352841251573393566
8 35 6703770382383423211
8 36 6072757681851794778
8 37 16581222230836526289
8 38 13115518053708196075
8 39 14579039232143266873
8 40 8309062432827030809
8 41 5356638082207421924
8 42 271476785069745221
8 43 14080302595385615345
8 44 16850046861016182155
8 45 10806723855293549440
8 46 1046906663182834536
8 47 6879564782664800898
8 48 8421305823519892115
8 49 14238796876099557236
8 50 812121814942818456
8 51 12233849880995329731
8 52 11231148420915971018
8 53 13071830200161176625
8 54 4025886193602536180
8 55 15037758258172157719
8 56 4670106752063350391
8 57 2645409370803719990
8 58 5980297333028737959
8 59 4606196415445884273
8 60 18227608476212736549
8 61 2795001608825985082
8 62 1867478223133509300
8 63 1426775677054157455
9 0 1410624313391774651
9 1 3465533443777874185
9 2 6266304505422685331
9 3 4752939083421839949
9 4 12769831039848244643
9 5 4128671274548668928
9 6 3670989248895056018
9 7 16638501610467335360
9 8 3572315903680038176
9 9 95904031509252167
9 10 10302855341212957123
9 11 11738407488374213457
9 12 142957147352553971
9 13 6837884435499940793
9 14 11783331730905861755
9 15 5089274636491528860
9 16 3645206341814047765
9 17 11079646439686196747
9 18 3075327182925564436
9 19 6534557747247165411
9 20 12037637778838965196
9 21 1747292833501648527
9 22 6306198622217904171
9 23 4662031265651156784
9 24 16987646014373226473
9 25 15015349245246065446
9 26 12738449979723439636
9 27 4273937439507796066
9 28 14115631671650132048
9 29 12891936691722324612
9 30 4885217749977234891
9 31 18290481246871041164
9 32 8066443684267983320
9 33 8592432976543661377
9 34 4136194009572514054
9 35 1934223711464160969
9 36 11321827852747518241
9 37 8107059637007824265
9 38 1308818110593450541
9 39 8136202276129611911
9 40 3411120779697946561
9 41 10566687951285096991
9 42 3236320709996017743
9 43 11843918633981513918
9 44 5257230233561315040
9 45 7604950319823623222
9 46 8706819412046471739
9 47 12477735041731232000
9 48 18096257792212977132
9 49 1727055765160468358
9 50 4467647003119506958
9 51 13002702707408331578
9 52 5815519094206260391
9 53 2242583644734519879
9 54 3483042768248869640
9 55 11893446456535969521
9 56 1246518094905059570
9 57 17497505890215946091
9 58 1239973985941883342
9 59 13711083453731461649
9 60 9211663854793602261
9 61 11590127128641758073
9 62 2275809837729890443
9 63 7255704929158261904
10 0 16653685999225699724
10 1 2709374768267774087
10 2 10843145809281791601
10 3 3287952927524598994
10 4 7689137477176679790
10 5 3542391547347600907
10 6 7218130496987142144
10 7 4172860784406242393
10 8 17037870299829910911
10 9 3085630961871523342
10 10 10104452302477915862
10 11 16312752416370388476
10 12 1864915933454314351
10 13 14193057849957502807
10 14 6438362153789709641
10 15 1099465226303048457
10 16 7476999477509584839
10 17 10587617420853014828
10 18 8458113765174487142
10 19 16327493619763994690
10 20 13036286851163218131
10 21 10616670728855720376
10 22 2847990599480751685
10 23 385761482585163336
10 24 14920520798909943601
10 25 1267499625364289714
10 26 15229912055814809174
10 27 11515222352878310095
10 28 6751694112503715402
10 29 15772397636829617728
10 30 17963172684422349964
10 31 15026920343516809582
10 32 15324595185549813980
10 33 13815991158059617814
10 34 11986105414127306025
10 35 1942540973316872567
10 36 8071674183687750708
10 37 1165036983388963644
10 38 16408070882203468222
10 39 7887165214113125785
10 40 10220886062881827879
10 41 17035737463158266383
10 42 2319486844159622341
10 43 14943346685420242520
10 44 11833494491984734854
10 45 12790232452086973177
10 46 10857912502266602902
10 47 15135818134774645691
10 48 13007279746271202323
10 49 1712276952117847069
10 50 5269614793897645586
10 51 3836560951872846146
10 52 2989442111096066996
10 53 9204125462823056282
10 54 13714090972803610006
10 55 4691903544644417122
10 56 490835845683100864
10 57 5073573947255626683
10 58 16765054157581685289
10 59 10645763664496916168
10 60 13196410760311232223
10 61 7938974714172022710
10 62 1940698270701458921
10 63 4821471297370717909
11 0 4148904859235352084
11 1 11484111510478187627
11 2 7081988804704939110
11 3 3504218560833377526
11 4 9536799408314026168
11 5 8042445848322216791
11 6 2465591419310591801
11 7 11412638207941805341
11 8 9570549467964900410
11 9 9518669844522536323
11 10 6780956174677192040
11 11 7399164158967949987
11 12 6913539463170619130
11 13 12885842497691370741
11 14 11034513901661912879
11 15 5123090216259174
11 16 9097612790035959666
11 17 15554394286207057044
11 18 5880691932119093062
11 19 15844710708829928101
11 20 2688788649884824678
11 21 12383159535262752518
11 22 5927111623761846163
11 23 13577556585624639004
11 24 5407070869138482677
11 25 10694984670137258647
11 26 7067524372924540004
11 27 11632720247744769302
11 28 1492923599394763012
11 29 5611694376576926742
11 30 12198832082822606461
11 31 16813628713707040579
11 32 10434109788254133758
11 33 3001853726538115014
11 34 18314717571716819467
11 35 385147647959857732
11 36 10900281463969255601
11 37 15175737939777953771
11 38 9366097651860146496
11 39 11612857558268502616
11 40 14662775990574465005
11 41 3618733087172251831
11 42 13171968617638061690
11 43 1399276717105953765
11 44 14613215960011679832
11 45 4938132718802875060
11 46 12800104563336881783
11 47 14640907745302327839
11 48 6111255659868724260
11 49 2121130396504754187
11 50 15640357058604530754
11 51 13182720688382457994
11 52 13069413692863131378
11 53 6020039407140119952
11 54 1700816971538558679
11 55 3120285836947044779
11 56 3924565744566232231
11 57 11963959794409305450
11 58 4523092442393399120
11 59 15178222914898509496
11 60 13373771259798500661
11 61 2575674704128381480
11 62 18359897908535400999
11 63 6928719764337746873
