0 0 429157574326113440
0 1 11174779021757836839
0 2 4671146796469712508
0 3 11447014870534765055
0 4 16139691634344294015
0 5 9181664901873089543
0 6 15201254131577217056
0 7 10657187128219562863
0 8 17395360985694253543
0 9 3001171453981731461
0 10 5352476848136054658
0 11 16831876273597740104
0 12 9798290606604531
0 13 8742142321237823344
0 14 3095763814343902328
0 15 17049783177131887332
0 16 15088181996774220642
0 17 1676898677626301607
0 18 17276466628538289573
0 19 11598395820792867509
0 20 14713680713732584134
0 21 3809330054316205307
0 22 604151842290842941
0 23 11891331880043820952
0 24 2424516897756840875
0 25 6889626336860517125
0 26 17857721058995751106
0 27 8106975936858204687
0 28 1312123073123160433
0 29 16367049925686744424
0 30 8208466292314194732
0 31 4540731931932461181
0 32 6741813125931820584
0 33 13356535079053948696
0 34 17209467090313055525
0 35 8494470550765664537
0 36 8616436016999692351
0 37 15265908640919804482
0 38 1493027193757029293
0 39 15905893970989798095
0 40 36841438868337983
0 41 14888645549383445953
0 42 12191837455094576689
0 43 15996555544854223093
0 44 11266156858286453289
0 45 15792637537275924196
0 46 17476218811708413975
0 47 3557536034148163433
0 48 15280175195201639885
0 49 6331510489624805229
0 50 10160389175769247143
0 51 16504765638629033233
0 52 10205166217448037412
0 53 12806380532501791922
0 54 14330745171266631675
0 55 16644081429844852345
0 56 15291783473778670471
0 57 4871191132290916180
0 58 11292234082792954862
0 59 13065623534177094538
0 60 4612303108772990472
0 61 2460814986868123941
0 62 3526114207590167041
0 63 5559922305718470233
1 0 8751694383601571899
1 1 7206156137550540334
1 2 12573510584142053842
1 3 16395392480527394844
1 4 12982149651898597475
1 5 11168346543648324556
1 6 10471871160178203330
1 7 16815213869426915211
1 8 4206614380917492746
1 9 11126824565664612335
1 10 13061900043859723133
1 11 1787871942331310681
1 12 18376247311635742937
1 13 16518966347897269191
1 14 4339199264563607849
1 15 200003960862027388
1 16 10874258271589876275
1 17 4045367376004730973
1 18 17888542006850964372
1 19 10658143699402460517
1 20 10983675700085713843
1 21 1318551695004243995
1 22 5433156017829248982
1 23 9134648411607104587
1 24 8059469589329243903
1 25 14941040165807303681
1 26 4413055667427252957
1 27 10194937270400313910
1 28 18258121590922589635
1 29 11782719103738207945
1 30 639440309843727518
1 31 4654541505137982839
1 32 4053852014049301619
1 33 6014735203692951006
1 34 3196810721771182998
1 35 6770933982452632114
1 36 14613282968364260621
1 37 14579334934787513765
1 38 10925150812463364901
1 39 12837852837516897770
1 40 2602684756679770092
1 41 12425814496592300526
1 42 14384294075756732989
1 43 6263666800467593147
1 44 16997492159251490061
1 45 13401435567212119998
1 46 18208413761187908091
1 47 1950030965417303473
1 48 15914894009517487940
1 49 18298565026194767313
1 50 470868931878706404
1 51 5391394428560652820
1 52 12647012946290708142
1 53 11168349026210969917
1 54 7891319986494861496
1 55 5547103098553346445
1 56 17516143769850904051
1 57 17270935713799087495
1 58 13446486435594056334
1 59 8840980842671592381
1 60 14434926232133900203
1 61 1859327961445138198
1 62 13976451171549561313
1 63 3583137363837041793
2 0 5834893731519147362
2 1 11044083762135485367
2 2 15753627979593092177
2 3 6726308026340527503
2 4 14342824521236534757
2 5 652956377755149192
2 6 17275808940969040187
2 7 4692429061530409211
2 8 10527148973881137343
2 9 13615714668585153582
2 10 2571760444013052016
2 11 7950248127273642106
2 12 10621316479651742744
2 13 13130045137215133223
2 14 11774697156985729748
2 15 5028067514293507145
2 16 18166082336625398289
2 17 14099012178514914209
2 18 8052862694505299046
2 19 13462399086975883123
2 20 7250905513704761342
2 21 4740136331032451838
2 22 16284369010861154303
2 23 138860342679096858
2 24 16286495484587249767
2 25 220868321484523298
2 26 4842922112334784199
2 27 5638033930781754966
2 28 13998067952389005096
2 29 7647543401846608452
2 30 14998510067205743114
2 31 18139860058156412290
2 32 346940448733053383
2 33 14251681703022367886
2 34 2140785669436783748
2 35 12661313427985152321
2 36 16306677527342254737
2 37 1608385064816947765
2 38 17078583605216604933
2 39 1306164741329692974
2 40 5592670720440787306
2 41 2927587154839958300
2 42 16758382889185319952
2 43 16414485203093282762
2 44 8475990829016971656
2 45 4642181397082802467
2 46 9462239578470335053
2 47 10255262533891621456
2 48 7695378640617679657
2 49 8448106411782777862
2 50 1641656640681996910
2 51 493045146252919617
2 52 10306312201786881710
2 53 11150410249020970386
2 54 830495713738029653
2 55 6793707022474581412
2 56 12220639850263647270
2 57 1441322733475797603
2 58 14692153852510191207
2 59 12535018072559514462
2 60 9304338798868779607
2 61 3844221979144546482
2 62 2129435220967304009
2 63 14438499634764574884
3 0 915390598006729689
3 1 17348356894112788083
3 2 13951204978942920391
3 3 9750530429105515156
3 4 8045628954752309188
3 5 15750023998328876586
3 6 17356244553232488671
3 7 17157663524146371574
3 8 5790413113998008807
3 9 14352434012990143499
3 10 17362096232085178584
3 11 13455050524228496288
3 12 2640692530337128380
3 13 18155493232137566610
3 14 3684039671220243004
3 15 7193803226649064666
3 16 7185066441672146477
3 17 11051296145422105755
3 18 8483292514023325040
3 19 14435277044795593421
3 20 3858963225896101876
3 21 17685279872703981966
3 22 15624425080030426
3 23 10664793492623352158
3 24 13741320364547632410
3 25 6829757107127680593
3 26 12683474579126318246
3 27 9122093925169616517
3 28 18404158372112689925
3 29 6299235924757902988
3 30 1701783309123226746
3 31 15899472953421262634
3 32 15022086873681179787
3 33 9177314139470542789
3 34 7680728182741117625
3 35 17790917390965267616
3 36 11996009283399168676
3 37 14970287282365289403
3 38 8370745258388624934
3 39 7905272285778645809
3 40 7002835257464856869
3 41 14808469726374810269
3 42 5967486714852078827
3 43 10807966711028247123
3 44 623382481367830920
3 45 13247813368576392607
3 46 12877651131080451472
3 47 4094477756546407928
3 48 12335788098766156134
3 49 3319570518233659333
3 50 6386005374794719162
3 51 17752242555308647849
3 52 540885999882611159
3 53 5764104291824461879
3 54 17455007700614803439
3 55 11754481681996991115
3 56 4560944567420459806
3 57 6486589466072258060
3 58 13321066590272869623
3 59 9214451526709944896
3 60 13575424752480940293
3 61 5543415352642207231
3 62 7313179054689924911
3 63 5825442053071118105
4 0 9896205874869464352
4 1 4882940452025646700
4 2 5404074056519539548
4 3 15872682266441264765
4 4 8817559417910802769
4 5 9533346510632630898
4 6 8433909130419457924
4 7 9353444212431666705
4 8 17351798598084658990
4 9 11468221814652686258
4 10 294678306836960820
4 11 17429640224021881968
4 12 7879230105763957106
4 13 13586695274254915796
4 14 11302944242503391635
4 15 3003603136548303892
4 16 4434604591048149051
4 17 7131327396444239807
4 18 3480714070142612711
4 19 8125004184018557559
4 20 12679785343426111299
4 21 16210228417138429164
4 22 13338332457313538133
4 23 6608567634333193717
4 24 2224542797334506453
4 25 3332781796986350642
4 26 18254630831733152619
4 27 7057302213955274516
4 28 13135355973685467944
4 29 16310797000941297844
4 30 3668914425504165254
4 31 6758875251368347639
4 32 9898625489774197361
4 33 2818277880473401075
4 34 7916491974584062496
4 35 811943968211032427
4 36 534661778130443064
4 37 16704545634508648674
4 38 1519594896261185575
4 39 16153048817297359205
4 40 7210860004895182653
4 41 14284921166557544953
4 42 11070666259866869021
4 43 6648314976645034262
4 44 8659548946606898576
4 45 14868844985441979449
4 46 9671720052404228954
4 47 7963679531259536179
4 48 1111478160891628164
4 49 2830260772281444267
4 50 2371366353615907298
4 51 18243977295976998922
4 52 13095231456350800324
4 53 675174034220608853
4 54 4810799029593804627
4 55 14104451663048901808
4 56 2077224829625240046
4 57 10673585472746556213
4 58 6871752711401254576
4 59 17220955540402233689
4 60 7530622124556207920
4 61 3344923811500468656
4 62 8547203007868935895
4 63 11079306109786877533
5 0 12776570500937740993
5 1 12720035733782279187
5 2 12432547515742914839
5 3 18262297038053858330
5 4 7128943911336671949
5 5 10947527233147836792
5 6 1825737867546922279
5 7 12293492846609306277
5 8 3501318141829599259
5 9 13438972314470244971
5 10 2296245289102015028
5 11 8340530822858268905
5 12 3414868772675697089
5 13 9598330071754596217
5 14 10612472600854233157
5 15 5494826991940278640
5 16 3557234587142740374
5 17 3021855016750294422
5 18 17230904893084831763
5 19 5965872592219428387
5 20 12865800980794886223
5 21 5734909269776558833
5 22 3904763658460884935
5 23 4089855917235491025
5 24 1728519431087025828
5 25 6092701532660130474
5 26 13605115903003066697
5 27 13723256321099173930
5 28 6675931270897917919
5 29 9406969120861707084
5 30 2107629654543431984
5 31 2724879966615375058
5 32 1199208398138580784
5 33 17264896183940339496
5 34 13655604704451247174
5 35 14504891482673544466
5 36 17846917066423342537
5 37 12754117420528030389
5 38 5323905148502601105
5 39 13316552472322320920
5 40 5265678637532764885
5 41 3575529260769068655
5 42 310175720663847410
5 43 8177988679165925414
5 44 9521824767376494531
5 45 17763425556807564257
5 46 879926113353432832
5 47 5634370137161559858
5 48 15352762146078817576
5 49 12444225885869277672
5 50 9803740163105581763
5 51 8771643464031008949
5 52 5151127439255426124
5 53 9983410540476867686
5 54 15982975451563727839
5 55 16728792121140066144
5 56 15994656578245970063
5 57 6342073210063107152
5 58 11909723178918214382
5 59 17107188699397975764
5 60 1763919869823910306
5 61 12166083887414416600
5 62 8027463280358122509
5 63 5977222329695269550
6 0 6659471387610894818
6 1 977328908145572550
6 2 6119716150838614758
6 3 15481954439371459074
6 4 3859754669059788342
6 5 15050704189592592082
6 6 6266024657015609961
6 7 9693677271326745289
6 8 3844341986949311798
6 9 15005379425058872838
6 10 229917097716559438
6 11 817704170720616658
6 12 2814368138456146969
6 13 18244026614018507250
6 14 12288785358186374812
6 15 6934026263821778379
6 16 17690043587263598001
6 17 2015510137329446581
6 18 2187554783528194861
6 19 5216526535388158919
6 20 5072035471357696659
6 21 2061706607581081475
6 22 12266626462178532177
6 23 8892885485985382508
6 24 1836125961951154095
6 25 15917473212673069446
6 26 11553928552251979510
6 27 6111609398696573514
6 28 13167236459372435918
6 29 14093404937220734664
6 30 14065547084204035478
6 31 13231280240239146507
6 32 6146747721390528301
6 33 8845822884546579263
6 34 4449698953297316929
6 35 6291039815826599106
6 36 2473953871691834255
6 37 7640499485219036549
6 38 12468972242620161435
6 39 8175669029063640398
6 40 7069463332262500723
6 41 17106561280770421432
6 42 15436211365273168421
6 43 3513956282201339153
6 44 16052751275284275708
6 45 1038843890963894548
6 46 543307439037326205
6 47 13081150009179491821
6 48 10528620233825385264
6 49 18446029824399403543
6 50 13358370585393552556
6 51 2050397640260560201
6 52 6154194910953586211
6 53 7258967859050244943
6 54 10942434310424592449
6 55 11545128160594955794
6 56 7564373569917208482
6 57 3782370585891582394
6 58 2331130262377913986
6 59 7850072692778428214
6 60 9668059510576381843
6 61 16258562608709777066
6 62 7915688106981545581
6 63 11692277041404497100
7 0 2750038787407323177
7 1 18414811159631385074
7 2 13577950616286043431
7 3 639021119446074465
7 4 4598627328821383293
7 5 3490927206301252375
7 6 8555885947728466160
7 7 17196947421609669962
7 8 12984324931408585048
7 9 783919996753056604
7 10 3210099706283886180
7 11 14827417108385578798
7 12 9744492131839744090
7 13 5327802485229908495
7 14 5227008411528220448
7 15 13943641530149797035
7 16 18301797473329237209
7 17 6415366156206008119
7 18 11934398834827665993
7 19 5351949419270890644
7 20 1480986440482021037
7 21 9183475906794086212
7 22 2430914134980194599
7 23 11761980198054291063
7 24 18307433462381353171
7 25 13004399274555955239
7 26 715387137858211699
7 27 8558973474734403917
7 28 13451293435806929689
7 29 3004892358364602217
7 30 15592426560328160612
7 31 13228350907195070069
7 32 13068391867441728024
7 33 935684651585232131
7 34 32855749369635984
7 35 17404947923733070533
7 36 16994322022468277369
7 37 17622233463710389190
7 38 10485000588208295812
7 39 6026518012399890214
7 40 7567713616868199097
7 41 6351565930391930968
7 42 10469668287415793110
7 43 2011578465274033371
7 44 14388801432659090834
7 45 5306816116673144932
7 46 3021298558651194327
7 47 17623069485295221900
7 48 14958347737012228639
7 49 2570072339701824883
7 50 895765709849800540
7 51 7284060656791397278
7 52 7437558100124327465
7 53 13790444750775495548
7 54 12483572069679322216
7 55 13497867552563304795
7 56 13147058364786151720
7 57 12600599635070753448
7 58 4421491161906947853
7 59 7719202861097048890
7 60 2926510993873402260
7 61 16109917579476920986
7 62 13507718947675615965
7 63 11269121346038676102
8 0 15929305469612204903
8 1 14858541733454144082
8 2 991380469980353882
8 3 18144574274727893290
8 4 11225863420230756312
8 5 8545033258417711033
8 6 16437887644567562063
8 7 1337796933633677838
8 8 3358533529349602288
8 9 15959823301896712088
8 10 1678754194769582568
8 11 9709193092646193562
8 12 17131796927973619106
8 13 7932453545698762548
8 14 15715467025967013673
8 15 195905862370870907
8 16 5630167773671880722
8 17 3376676815784356318
8 18 11347390279675779262
8 19 12750800618788531520
8 20 2779363574249384614
8 21 6136492281295087587
8 22 3086605655825373310
8 23 15539271023281463267
8 24 16296968075200206375
8 25 14678645670336949409
8 26 4308664525346427930
8 27 17677582111015567178
8 28 2048331870694867112
8 29 12484245194890043865
8 30 379810006084331245
8 31 15063724603188939316
8 32 13341886767224945689
8 33 1052944268212374847
8 34 903383064360733111
8 35 1702250455461113347
8 36 16869889390908713814
8 37 16467407648161470408
8 38 5476664146229947764
8 39 13963923706835768953
8 40 567436376598326681
8 41 17026410841669992480
8 42 9822277799089752056
8 43 7158855809287431856
8 44 15145067511508091240
8 45 1017392116198316012
8 46 7265666728023675287
8 47 6730159089227988752
8 48 15393806825688303491
8 49 8997676068422796731
8 50 12139706706230309596
8 51 734118748190350335
8 52 18437048930081658604
8 53 16011160197177472770
8 54 3705595391117795122
8 55 8950218469790261778
8 56 8959900536833673719
8 57 92456239837989184
8 58 2727803225966467596
8 59 11197214802975842090
8 60 4158647426500508544
8 61 10815611510073092337
8 62 12626683621437786721
8 63 9481362870274060822
9 0 10586326486168425976
9 1 2766934568126156389
9 2 7538302265974648425
9 3 3941640067840881115
9 4 3744146048677024835
9 5 13603550204789273518
9 6 3232543113212909893
9 7 2403062453590299867
9 8 3518566633445316511
9 9 3988038668885335074
9 10 8210809989908560254
9 11 1754430535950283383
9 12 544385052846457871
9 13 8504360204428162303
9 14 2962958597177158307
9 15 15967646668957784857
9 16 13453311680203826516
9 17 9828168565211177516
9 18 8885607241270830260
9 19 17128970320312099946
9 20 16818956418583924042
9 21 11781671680166991342
9 22 8499419101970527171
9 23 240083161182479487
9 24 4003309784187808342
9 25 9191331666898846743
9 26 7752959164395627179
9 27 2476233089861168129
9 28 15784738974511878076
9 29 12612633624555373061
9 30 14964004495398606288
9 31 4802560477948132053
9 32 10159624137306188978
9 33 1847329143059841347
9 34 14046935660515982898
9 35 16643925577235885036
9 36 14802633370232239431
9 37 11722854571988346658
9 38 13731901816463159597
9 39 282371355250294651
9 40 4174079117465186946
9 41 16712385639681314617
9 42 6277138066152171197
9 43 2843258328213012417
9 44 1992582822412907536
9 45 6102218570898879841
9 46 10651972106466373422
9 47 1568107988468762201
9 48 18061486569044762890
9 49 2612650566142628383
9 50 6334675662024750385
9 51 15964785796606691778
9 52 4448468242204403821
9 53 10903426413506051272
9 54 2291569874460756118
9 55 44196336305287687
9 56 1431984255735490734
9 57 2898721561150276319
9 58 6101650528203635805
9 59 16966667454361728324
9 60 417412537058935120
9 61 8487240591352371038
9 62 5568990106667331770
9 63 12321145147280833431
10 0 9969297820030499313
10 1 10059955372676101981
10 2 16360402353102957808
10 3 9022544382472857109
10 4 7052696502649229395
10 5 1988324810912918564
10 6 1780020387182252989
10 7 12590625431386496409
10 8 15703273107327414988
10 9 16205082605932013477
10 10 13525315185664403471
10 11 3988284066605626241
10 12 6007008116411188107
10 13 16692235145705410155
10 14 18081276564784053491
10 15 14963976471841734542
10 16 6571177997959989214
10 17 6995853023323665485
10 18 10127598690157444749
10 19 4041099972880340450
10 20 18402562180658239075
10 21 10127895709551418080
10 22 10017387079413519351
10 23 7274070602539561260
10 24 17560527131572097769
10 25 15021181908817090386
10 26 16241500102371967322
10 27 17087340412259885339
10 28 2294204933368968917
10 29 15132366561692047431
10 30 13842030865436421550
10 31 5067245987888796849
10 32 3033672114103734821
10 33 13261901506005007485
10 34 16842927259580944360
10 35 5742713267275721488
10 36 6106323872460755429
10 37 18141617051031778201
10 38 7159730511397527300
10 39 6302830259509755053
10 40 7178213887581117662
10 41 3473622062929095385
10 42 3794882547516311821
10 43 967725206388022242
10 44 17287740419001612047
10 45 14924981989693115025
10 46 49139451534715464
10 47 12435848659713963692
10 48 15208153962827438373
10 49 7921936279489235464
10 50 11245571630596023026
10 51 12727814930919243079
10 52 4016540147681145732
10 53 14585388411617576740
10 54 6183024157828726142
10 55 2786655575401315252
10 56 5867869155347581024
10 57 7890122961394846251
10 58 7535174518473740812
10 59 10706640132803923310
10 60 11218611314625356105
10 61 6555417395973344407
10 62 18099861282290061416
10 63 16969623819762905611
11 0 2771275877033111101
11 1 15548049180689523290
11 2 7056082658845925764
11 3 5814600254456077361
11 4 3036830341673622637
11 5 393655600157831499
11 6 3974491184453108613
11 7 13229099445526709657
11 8 7173065382751751124
11 9 6005651800411271781
11 10 17232589123255736178
11 11 546923817838172883
11 12 2066775582805093706
11 13 11067515575311722500
11 14 10510201399681724750
11 15 13331745339517632416
11 16 15302402870449251693
11 17 1674099780835607432
11 18 3561505384701163993
11 19 16364360852567549945
11 20 16546180087705374398
11 21 4304267213054665649
11 22 13505470973060639674
11 23 5705940366273618992
11 24 5992690571983590255
11 25 15750838471918925363
11 26 6666487168713074495
11 27 2572500434869357383
11 28 16727530322234807065
11 29 10292293444436433363
11 30 11533784948033816441
11 31 8343344984198171495
11 32 8362231254398901424
11 33 6719195927112653892
11 34 8820069717003120564
11 35 10073575182658090318
11 36 17088072304380015542
11 37 16195470722921464000
11 38 10872413885759518021
11 39 10194756991481187440
11 40 10814425088321831206
11 41 16231462536935678287
11 42 9727588194725315550
11 43 13935889220564295833
11 44 1376680466444634407
11 45 2958313839628977676
11 46 15188506735216032560
11 47 9792928061954415903
11 48 2021172567648751937
11 49 7028194354985569353
11 50 16491040483136556699
11 51 1138737763940501018
11 52 895582572830172786
11 53 13994279097635655257
11 54 13612364952203549324
11 55 16856947977052916507
11 56 9319999398909733162
11 57 62589474292951876
11 58 15217633994477433159
11 59 1139127318262077929
11 60 57974475470426169
11 61 12148623744651624937
11 62 4078023445376306312
11 63 2856407613087955944
